294 3.846493709344893E-4
822 3.846493709344893E-4
795 0.0024350844847736155
502 3.842733645548142E-4
350 3.846493709344893E-4
549 7.569833342943822E-4
220 3.846493709344893E-4
465 3.846493709344893E-4
139 7.120953845776312E-4
836 3.846493709344893E-4
556 0.001310310664302856
657 3.842733645548142E-4
103 3.842733645548142E-4
532 3.842733645548142E-4
250 0.0032290042226688844
216 8.788804885619505E-4
786 3.846493709344893E-4
665 3.842733645548142E-4
653 0.0011804378897652304
131 3.842733645548142E-4
193 3.842733645548142E-4
464 3.842733645548142E-4
183 3.842733645548142E-4
9 3.846493709344893E-4
431 0.005212932882628532
837 0.006079798252786403
708 3.842733645548142E-4
792 3.846493709344893E-4
434 3.846493709344893E-4
61 0.002459538940361614
684 3.846493709344893E-4
746 3.842733645548142E-4
488 3.842733645548142E-4
381 3.842733645548142E-4
297 0.002140955405957329
582 3.846493709344893E-4
494 3.846493709344893E-4
86 3.846493709344893E-4
272 3.846493709344893E-4
50 3.846493709344893E-4
764 3.846493709344893E-4
27 3.842733645548142E-4
526 3.842733645548142E-4
393 3.846493709344893E-4
231 0.003655808036607201
577 3.842733645548142E-4
439 0.003655808036607201
226 3.842733645548142E-4
218 3.842733645548142E-4
324 3.846493709344893E-4
277 3.846493709344893E-4
672 3.842733645548142E-4
213 3.842733645548142E-4
469 3.846493709344893E-4
639 3.842733645548142E-4
647 3.846493709344893E-4
773 7.113989148722046E-4
806 3.842733645548142E-4
28 3.842733645548142E-4
646 0.008225425045598301
12 3.842733645548142E-4
436 3.842733645548142E-4
113 3.846493709344893E-4
255 0.0022625591489184886
601 0.0040155691105136756
584 7.120953845776248E-4
676 7.120953845776233E-4
572 3.846493709344893E-4
658 3.842733645548142E-4
117 6.575210489704362E-4
166 3.846493709344893E-4
358 3.846493709344893E-4
136 3.842733645548142E-4
715 0.003919479743128092
740 4.937980421488656E-4
229 3.842733645548142E-4
371 3.842733645548142E-4
389 0.0025198299537609603
675 6.70545685261259E-4
865 5.478361397135104E-4
188 0.0011268461493634861
154 4.310055860287265E-4
87 3.846493709344893E-4
821 3.846493709344893E-4
580 3.842733645548142E-4
614 3.846493709344893E-4
128 3.842733645548142E-4
690 0.00824490526011314
104 0.0011268461493634586
394 6.83515613097741E-4
207 0.008417177654402242
507 0.002948082867048522
171 3.846493709344893E-4
342 3.846493709344893E-4
89 3.846493709344893E-4
763 0.0014857447532068847
460 3.842733645548142E-4
566 0.0011268461493634718
762 0.0013924995837671914
53 3.846493709344893E-4
530 3.842733645548142E-4
337 6.879107104712888E-4
471 3.846493709344893E-4
670 3.846493709344893E-4
815 3.842733645548142E-4
622 3.842733645548142E-4
553 7.113989148722042E-4
697 4.937980421488673E-4
539 3.846493709344893E-4
252 7.113989148722069E-4
590 3.842733645548142E-4
624 3.846493709344893E-4
368 3.842733645548142E-4
388 3.842733645548142E-4
524 5.478361397135083E-4
24 3.842733645548142E-4
299 3.846493709344893E-4
510 3.842733645548142E-4
303 3.842733645548142E-4
742 0.006237015392310962
811 3.842733645548142E-4
377 0.0010571131000259091
869 3.842733645548142E-4
83 3.842733645548142E-4
101 3.842733645548142E-4
484 3.842733645548142E-4
64 0.0026815025926762263
290 0.006237015392310962
671 3.842733645548142E-4
222 3.842733645548142E-4
219 8.664514770380337E-4
300 3.846493709344893E-4
704 3.842733645548142E-4
498 3.846493709344893E-4
236 0.0029141352355030784
568 3.842733645548142E-4
426 3.842733645548142E-4
449 4.93315214660608E-4
51 3.846493709344893E-4
134 3.842733645548142E-4
631 3.842733645548142E-4
351 3.842733645548142E-4
361 0.011682414822967068
504 0.0012392224652979149
519 7.546767923835714E-4
135 3.846493709344893E-4
81 3.842733645548142E-4
813 4.660547521341594E-4
592 3.842733645548142E-4
585 0.009132912767719934
123 3.842733645548142E-4
529 3.846493709344893E-4
780 3.842733645548142E-4
564 3.842733645548142E-4
659 3.842733645548142E-4
801 3.846493709344893E-4
521 3.846493709344893E-4
402 8.749616900308968E-4
238 3.842733645548142E-4
100 3.842733645548142E-4
187 3.846493709344893E-4
382 7.113989148722037E-4
96 3.846493709344893E-4
413 3.846493709344893E-4
333 3.842733645548142E-4
851 8.73392918594652E-4
802 7.891534310417465E-4
289 3.846493709344893E-4
523 4.8826895260263765E-4
809 3.846493709344893E-4
567 3.842733645548142E-4
586 3.846493709344893E-4
610 3.842733645548142E-4
112 3.842733645548142E-4
415 0.00427107306837142
772 3.842733645548142E-4
707 0.015632327538223006
483 3.842733645548142E-4
685 4.665108743452715E-4
125 3.842733645548142E-4
142 0.004918774748438548
385 3.842733645548142E-4
497 0.0027909048947918126
555 0.001298764293118753
515 3.846493709344893E-4
242 3.846493709344893E-4
18 3.842733645548142E-4
149 3.846493709344893E-4
448 3.842733645548142E-4
608 9.902020082718879E-4
174 0.001083136372738436
828 3.846493709344893E-4
721 3.846493709344893E-4
407 0.0014318628838805136
256 3.8427336455481415E-4
545 0.0041291322404792795
261 0.004209208884779268
713 3.846493709344893E-4
85 0.009354295896093191
492 3.8427336455481415E-4
191 3.846493709344893E-4
817 3.8427336455481415E-4
731 3.8427336455481415E-4
72 3.846493709344893E-4
49 3.8427336455481415E-4
794 3.8427336455481415E-4
823 3.8427336455481415E-4
506 6.70545685261258E-4
569 3.846493709344893E-4
595 3.846493709344893E-4
321 3.846493709344893E-4
656 3.8427336455481415E-4
616 3.8427336455481415E-4
477 3.8427336455481415E-4
400 0.0011102930639572887
159 3.846493709344893E-4
179 3.8427336455481415E-4
438 3.846493709344893E-4
147 0.004325202276245804
124 0.002002906765812968
738 3.8427336455481415E-4
750 6.408724279148738E-4
416 3.8427336455481415E-4
737 3.846493709344893E-4
21 5.131230611689423E-4
598 7.013108495371633E-4
496 0.0039253278765252
97 0.002790706537892104
430 0.0021464188229842656
593 7.120953845776301E-4
401 3.8427336455481415E-4
784 3.8427336455481415E-4
239 3.8427336455481415E-4
428 3.8427336455481415E-4
243 3.8427336455481415E-4
68 9.512245673831389E-4
751 3.8427336455481415E-4
353 0.006319989736129068
165 3.846493709344893E-4
724 3.846493709344893E-4
736 3.8427336455481415E-4
551 0.0010789540530292251
573 3.846493709344893E-4
0 0.005729155508395583
190 3.846493709344893E-4
588 3.846493709344893E-4
692 3.846493709344893E-4
758 3.8427336455481415E-4
600 3.8427336455481415E-4
480 3.846493709344893E-4
838 9.431638193854201E-4
778 3.8427336455481415E-4
450 3.8427336455481415E-4
627 3.8427336455481415E-4
651 3.8427336455481415E-4
547 5.483723777560585E-4
298 3.846493709344893E-4
106 3.8427336455481415E-4
554 9.631231425419186E-4
108 3.8427336455481415E-4
612 3.8427336455481415E-4
785 0.004186953108081615
309 0.01003398233035787
819 3.846493709344893E-4
635 4.310055860287265E-4
150 3.8427336455481415E-4
198 3.846493709344893E-4
168 3.846493709344893E-4
633 3.8427336455481415E-4
445 3.8427336455481415E-4
827 4.933152146606079E-4
847 0.007197656527390802
92 3.8427336455481415E-4
202 0.009562719486531175
474 3.8427336455481415E-4
717 3.8427336455481415E-4
176 3.8427336455481415E-4
574 3.8427336455481415E-4
534 3.8427336455481415E-4
327 3.8427336455481415E-4
114 0.0019252694804961657
725 7.690353213566939E-4
710 3.8427336455481415E-4
47 4.660547521341594E-4
625 7.11398914872207E-4
16 3.8427336455481415E-4
79 3.8427336455481415E-4
157 3.846493709344893E-4
336 3.846493709344893E-4
805 3.8427336455481415E-4
354 3.8427336455481415E-4
664 3.846493709344893E-4
302 3.846493709344893E-4
65 0.0011268461493634597
867 3.846493709344893E-4
743 3.8427336455481415E-4
245 3.846493709344893E-4
810 3.8427336455481415E-4
528 3.8427336455481415E-4
4 0.0046683331839394195
468 3.8427336455481415E-4
214 3.846493709344893E-4
770 3.8427336455481415E-4
663 3.8427336455481415E-4
453 3.8427336455481415E-4
162 9.029916806825921E-4
857 0.005081329514669688
11 5.619092866262864E-4
798 3.8427336455481415E-4
527 3.846493709344893E-4
275 3.846493709344893E-4
375 5.478361397135078E-4
379 3.846493709344893E-4
378 4.937980421488657E-4
854 0.032946914965935305
557 3.8427336455481415E-4
517 3.846493709344893E-4
693 3.846493709344893E-4
301 3.8427336455481415E-4
435 6.880214845166643E-4
182 3.8427336455481415E-4
576 8.516337172928675E-4
831 3.8427336455481415E-4
357 5.95150379705077E-4
129 3.8427336455481415E-4
15 3.8427336455481415E-4
628 6.705456852612608E-4
861 3.846493709344893E-4
638 3.8427336455481415E-4
621 3.846493709344893E-4
777 0.0013306008494015445
733 3.8427336455481415E-4
654 5.483723777560567E-4
650 4.937980421488655E-4
649 0.0020449443086509246
60 3.846493709344893E-4
398 5.248065605300303E-4
52 0.0010084288977286115
140 3.846493709344893E-4
834 3.8427336455481415E-4
550 3.8427336455481415E-4
282 3.846493709344893E-4
789 3.8427336455481415E-4
844 4.314273728835074E-4
348 0.005174096033606994
284 3.8427336455481415E-4
5 3.846493709344893E-4
33 3.8427336455481415E-4
111 3.846493709344893E-4
287 3.8427336455481415E-4
540 3.846493709344893E-4
660 3.8427336455481415E-4
412 3.846493709344893E-4
571 7.113989148722086E-4
626 0.0019073980210752952
278 3.8427336455481415E-4
288 3.8427336455481415E-4
757 0.002002126910338782
581 3.8427336455481415E-4
8 0.0025730059008869633
365 3.8427336455481415E-4
771 0.0024595389403615562
367 4.933152146606098E-4
589 3.8427336455481415E-4
265 0.002278567849267974
71 3.846493709344893E-4
709 0.008675197817525283
204 3.846493709344893E-4
227 3.8427336455481415E-4
77 3.846493709344893E-4
689 6.654266338393969E-4
705 3.846493709344893E-4
158 3.846493709344893E-4
6 3.8427336455481415E-4
816 0.0011690557129453811
206 3.8427336455481415E-4
41 3.846493709344893E-4
181 3.846493709344893E-4
558 3.8427336455481415E-4
533 5.483723777560565E-4
459 3.8427336455481415E-4
283 3.846493709344893E-4
67 3.846493709344893E-4
425 0.0012758177410867892
531 3.846493709344893E-4
133 0.0012077220633733335
249 3.8427336455481415E-4
312 3.8427336455481415E-4
274 6.581746410338557E-4
177 3.846493709344893E-4
326 6.24038397525538E-4
335 3.846493709344893E-4
137 0.0027519698990173657
859 3.846493709344893E-4
841 3.8427336455481415E-4
617 3.846493709344893E-4
384 3.8427336455481415E-4
790 3.8427336455481415E-4
370 3.846493709344893E-4
602 5.483723777560578E-4
186 3.8427336455481415E-4
630 3.8427336455481415E-4
323 3.8427336455481415E-4
392 4.310055860287265E-4
787 3.846493709344893E-4
30 3.846493709344893E-4
702 3.8427336455481415E-4
320 3.846493709344893E-4
768 3.846493709344893E-4
217 3.8427336455481415E-4
118 0.0016950506901997776
678 3.846493709344893E-4
694 7.165456508637512E-4
292 0.018354712965519295
652 7.113989148722087E-4
267 3.846493709344893E-4
444 0.03455050307269818
679 3.846493709344893E-4
201 0.009647516741899117
305 3.846493709344893E-4
514 3.8427336455481415E-4
45 3.8427336455481415E-4
714 3.8427336455481415E-4
276 3.8427336455481415E-4
280 4.7999490680414455E-4
36 0.0023140377850754843
237 0.0018965394575767276
525 3.8427336455481415E-4
604 0.001872791650214763
516 5.483723777560578E-4
107 5.478361397135083E-4
317 0.0021923839401178265
410 6.705456852612598E-4
422 3.8427336455481415E-4
355 3.8427336455481415E-4
48 3.8427336455481415E-4
25 3.846493709344893E-4
769 9.673196980378706E-4
447 3.8427336455481415E-4
668 3.8427336455481415E-4
397 3.8427336455481415E-4
681 9.214288722641792E-4
95 3.8427336455481415E-4
818 0.007175091126019341
495 3.8427336455481415E-4
225 3.8427336455481415E-4
870 0.003643684233676736
677 3.846493709344893E-4
807 3.8427336455481415E-4
739 0.004459887631474814
840 3.846493709344893E-4
199 3.846493709344893E-4
466 9.767820392596151E-4
687 3.8427336455481415E-4
376 3.846493709344893E-4
623 0.015911503785855343
457 0.006693576633883865
13 3.846493709344893E-4
369 3.846493709344893E-4
322 3.8427336455481415E-4
395 3.846493709344893E-4
334 3.8427336455481415E-4
868 3.846493709344893E-4
54 0.014367427663560091
308 4.665108743452725E-4
352 3.846493709344893E-4
603 5.47836139713511E-4
341 3.846493709344893E-4
512 3.8427336455481415E-4
295 3.846493709344893E-4
644 3.846493709344893E-4
105 0.0013105283208212724
501 3.846493709344893E-4
423 3.8427336455481415E-4
156 3.846493709344893E-4
160 3.8427336455481415E-4
240 3.846493709344893E-4
563 0.004459887631474814
719 0.00245242584994786
826 0.0024220130542870104
546 3.8427336455481415E-4
716 3.8427336455481415E-4
544 3.8427336455481415E-4
748 0.003188107753313091
148 3.846493709344893E-4
862 6.568779898193033E-4
548 3.8427336455481415E-4
858 3.8427336455481415E-4
37 3.8427336455481415E-4
279 3.846493709344893E-4
42 3.846493709344893E-4
701 0.00831546733378229
344 5.454126528883187E-4
391 3.8427336455481415E-4
151 6.771796848470592E-4
62 0.0024595389403616274
241 3.8427336455481415E-4
328 0.003286358488445964
74 0.0024427939071149955
634 3.8427336455481415E-4
399 7.113989148722095E-4
2 4.310055860287265E-4
570 3.846493709344893E-4
205 3.8427336455481415E-4
259 3.8427336455481415E-4
511 3.846493709344893E-4
640 7.568154290374779E-4
230 4.6651087434527143E-4
359 8.004826778858292E-4
269 3.846493709344893E-4
727 3.846493709344893E-4
756 3.8427336455481415E-4
253 3.846493709344893E-4
667 3.8427336455481415E-4
366 3.8427336455481415E-4
864 3.8427336455481415E-4
189 0.002866632555428624
443 7.113989148722096E-4
235 3.8427336455481415E-4
686 3.8427336455481415E-4
509 3.846493709344893E-4
575 3.8427336455481415E-4
832 3.8427336455481415E-4
427 3.8427336455481415E-4
543 3.846493709344893E-4
467 3.8427336455481415E-4
499 0.003507889550590104
712 3.8427336455481415E-4
820 3.8427336455481415E-4
122 3.8427336455481415E-4
669 3.8427336455481415E-4
797 3.846493709344893E-4
421 7.833946732343426E-4
244 3.8427336455481415E-4
55 4.6248009532755073E-4
829 3.8427336455481415E-4
313 0.0011617147057259576
673 3.8427336455481415E-4
411 3.846493709344893E-4
691 3.846493709344893E-4
228 0.005476022253287228
856 0.006237015392310962
698 3.846493709344893E-4
537 6.83515613097741E-4
613 3.846493709344893E-4
482 3.842733645548142E-4
505 3.842733645548142E-4
683 5.47836139713511E-4
116 4.6248009532755073E-4
31 3.842733645548142E-4
110 3.842733645548142E-4
619 3.842733645548142E-4
212 3.842733645548142E-4
94 3.842733645548142E-4
17 0.007849065344563224
760 3.842733645548142E-4
172 3.842733645548142E-4
473 0.001437198217342163
325 3.842733645548142E-4
522 3.842733645548142E-4
329 6.711793478750581E-4
258 3.846493709344893E-4
723 3.842733645548142E-4
825 0.01713587231286422
451 3.846493709344893E-4
432 3.846493709344893E-4
552 7.939568879884153E-4
44 0.02121915699922056
306 3.842733645548142E-4
408 5.862495791271724E-4
386 0.011658705445904003
93 3.842733645548142E-4
281 7.829592286626733E-4
38 3.842733645548142E-4
126 5.613595064168559E-4
246 3.846493709344893E-4
437 3.842733645548142E-4
266 3.842733645548142E-4
796 3.842733645548142E-4
192 8.798531843341165E-4
729 3.842733645548142E-4
730 8.212440557920067E-4
257 3.846493709344893E-4
755 3.842733645548142E-4
330 0.0029169879702967846
221 3.846493709344893E-4
824 3.846493709344893E-4
234 3.842733645548142E-4
535 3.842733645548142E-4
291 0.004428358304090816
642 3.842733645548142E-4
776 3.842733645548142E-4
46 3.842733645548142E-4
782 3.842733645548142E-4
314 0.0016102932341829602
260 3.846493709344893E-4
662 3.842733645548142E-4
346 3.842733645548142E-4
273 3.842733645548142E-4
803 3.846493709344893E-4
629 0.002764435723580139
486 3.842733645548142E-4
311 0.001014363236730731
164 0.0014666111417728338
264 3.846493709344893E-4
562 7.120953845776296E-4
774 3.842733645548142E-4
146 3.846493709344893E-4
138 7.113989148722074E-4
316 3.842733645548142E-4
22 3.842733645548142E-4
80 3.846493709344893E-4
34 3.846493709344893E-4
587 3.842733645548142E-4
455 0.0010395413982207627
263 3.846493709344893E-4
632 3.842733645548142E-4
310 3.846493709344893E-4
20 3.842733645548142E-4
839 4.496984746182904E-4
404 3.842733645548142E-4
597 4.937980421488658E-4
210 3.842733645548142E-4
396 3.846493709344893E-4
606 3.842733645548142E-4
618 7.113989148722071E-4
268 3.842733645548142E-4
682 3.842733645548142E-4
409 3.842733645548142E-4
720 3.842733645548142E-4
812 3.842733645548142E-4
429 3.842733645548142E-4
419 3.846493709344893E-4
1 3.842733645548142E-4
102 3.846493709344893E-4
688 3.842733645548142E-4
783 3.842733645548142E-4
607 3.842733645548142E-4
481 3.846493709344893E-4
830 3.842733645548142E-4
35 3.842733645548142E-4
197 0.008459512922236779
195 3.842733645548142E-4
43 3.842733645548142E-4
791 3.846493709344893E-4
476 3.846493709344893E-4
700 3.842733645548142E-4
121 0.003131312602864127
56 3.846493709344893E-4
846 3.842733645548142E-4
766 0.017894168355433913
130 3.846493709344893E-4
611 3.846493709344893E-4
536 3.842733645548142E-4
793 3.846493709344893E-4
7 3.846493709344893E-4
728 3.846493709344893E-4
39 3.846493709344893E-4
363 3.846493709344893E-4
674 3.842733645548142E-4
141 3.842733645548142E-4
579 3.842733645548142E-4
804 3.842733645548142E-4
175 3.842733645548142E-4
863 8.749616900308965E-4
513 3.842733645548142E-4
343 0.0022638355317218936
332 3.846493709344893E-4
69 3.842733645548142E-4
32 0.0036206429067720757
145 8.664514770380334E-4
493 3.846493709344893E-4
452 3.846493709344893E-4
167 3.846493709344893E-4
127 0.0030794159126604987
559 7.120953845776313E-4
479 3.842733645548142E-4
695 0.0029169879702967846
78 3.846493709344893E-4
215 7.113989148722025E-4
788 3.846493709344893E-4
387 3.842733645548142E-4
860 0.00966456117865784
843 4.933152146606098E-4
458 3.842733645548142E-4
645 3.842733645548142E-4
340 3.842733645548142E-4
472 0.0020449443086509246
754 3.842733645548142E-4
418 7.12095384577629E-4
307 3.846493709344893E-4
753 3.842733645548142E-4
759 3.846493709344893E-4
58 3.846493709344893E-4
747 0.001079062186334264
424 6.240383975255417E-4
254 3.842733645548142E-4
224 3.842733645548142E-4
349 3.842733645548142E-4
711 7.113989148722073E-4
850 3.842733645548142E-4
620 3.846493709344893E-4
262 3.842733645548142E-4
23 3.842733645548142E-4
200 3.846493709344893E-4
655 4.660547521341594E-4
500 3.842733645548142E-4
362 3.842733645548142E-4
637 4.93315214660608E-4
84 3.846493709344893E-4
583 5.517549382445523E-4
143 3.846493709344893E-4
331 3.842733645548142E-4
59 7.120953845776224E-4
761 3.846493709344893E-4
70 7.120953845776236E-4
211 3.846493709344893E-4
347 0.0012098435557831822
345 3.842733645548142E-4
338 3.842733645548142E-4
775 3.842733645548142E-4
356 3.842733645548142E-4
478 3.846493709344893E-4
485 5.478361397135076E-4
414 3.846493709344893E-4
318 3.846493709344893E-4
503 6.816037999218131E-4
40 3.842733645548142E-4
591 3.842733645548142E-4
185 0.0012625434548073364
696 3.846493709344893E-4
442 0.0014164966177086663
518 0.002756297680403737
855 3.842733645548142E-4
609 3.846493709344893E-4
82 0.003036554751768095
196 3.842733645548142E-4
845 3.846493709344893E-4
745 8.664514770380305E-4
286 3.846493709344893E-4
594 3.846493709344893E-4
10 3.842733645548142E-4
741 0.002011682783752915
848 3.842733645548142E-4
223 3.846493709344893E-4
578 0.0024595389403615766
726 4.501385736631149E-4
403 5.788728133022816E-4
842 0.001107811769176412
433 0.004594986214609833
63 0.0016299797726061114
296 3.842733645548142E-4
703 4.3100558602872553E-4
169 3.842733645548142E-4
666 3.846493709344893E-4
615 3.846493709344893E-4
849 3.846493709344893E-4
180 6.262031021491178E-4
66 3.846493709344893E-4
209 0.005113389615125076
441 3.846493709344893E-4
641 3.842733645548142E-4
765 3.842733645548142E-4
152 3.846493709344893E-4
315 3.842733645548142E-4
155 3.842733645548142E-4
383 9.617601469903797E-4
304 0.001469384285628197
734 3.842733645548142E-4
406 0.006207720658296441
752 3.842733645548142E-4
833 3.846493709344893E-4
14 3.846493709344893E-4
446 5.483723777560565E-4
374 0.001348253583141579
461 3.842733645548142E-4
247 3.846493709344893E-4
470 0.0014733633901491338
475 3.842733645548142E-4
270 3.842733645548142E-4
203 7.841634886014308E-4
98 3.846493709344893E-4
57 0.0013422294772054454
440 5.483723777560561E-4
520 3.842733645548142E-4
636 3.842733645548142E-4
744 3.842733645548142E-4
173 3.842733645548142E-4
489 3.842733645548142E-4
808 3.846493709344893E-4
800 6.031905255253718E-4
99 6.581746410338557E-4
706 3.842733645548142E-4
680 8.516337172928661E-4
373 3.846493709344893E-4
599 3.842733645548142E-4
732 3.846493709344893E-4
722 3.846493709344893E-4
144 3.842733645548142E-4
285 3.842733645548142E-4
799 0.0013115980700157664
456 3.842733645548142E-4
364 3.842733645548142E-4
463 0.0045555218619286715
251 5.619092866262863E-4
380 3.842733645548142E-4
90 3.842733645548142E-4
26 3.846493709344893E-4
372 3.846493709344893E-4
814 3.842733645548142E-4
661 0.00210083957575934
75 3.842733645548142E-4
643 3.842733645548142E-4
248 0.0015003271690212667
178 0.0011531629309127973
454 3.842733645548142E-4
538 3.842733645548142E-4
835 3.846493709344893E-4
208 3.842733645548142E-4
565 5.478361397135077E-4
781 0.001443467374392631
718 3.846493709344893E-4
119 3.842733645548142E-4
596 4.6605475213416065E-4
648 0.00419926983001105
866 3.846493709344893E-4
852 3.842733645548142E-4
232 3.842733645548142E-4
420 3.842733645548142E-4
91 7.113989148722095E-4
405 3.842733645548142E-4
508 3.842733645548142E-4
487 3.842733645548142E-4
605 3.842733645548142E-4
161 3.842733645548142E-4
561 7.120953845776287E-4
115 3.842733645548142E-4
699 3.842733645548142E-4
360 8.516337172928668E-4
271 5.483723777560594E-4
462 3.846493709344893E-4
194 3.846493709344893E-4
541 3.842733645548142E-4
120 3.842733645548142E-4
735 3.842733645548142E-4
491 7.113989148722064E-4
184 3.846493709344893E-4
560 3.846493709344893E-4
417 3.846493709344893E-4
3 0.00102663017804941
88 3.846493709344893E-4
153 0.008650116365567158
779 3.842733645548142E-4
490 3.842733645548142E-4
109 3.842733645548142E-4
767 3.842733645548142E-4
293 3.846493709344893E-4
319 4.4969847461829053E-4
76 3.842733645548142E-4
339 3.846493709344893E-4
233 3.846493709344893E-4
170 3.842733645548142E-4
390 0.003829814139645373
542 0.003338293240702233
19 3.846493709344893E-4
853 3.846493709344893E-4
73 7.120953845776315E-4
749 0.0015231985813520068
163 3.846493709344893E-4
29 3.846493709344893E-4
132 3.842733645548142E-4
